
8
863
86389
863899
86389998
8638999890
863899989080
86389998908030
8638999890803029
863899989080302954
86389998908030295436
863899989080302954365
86389998908030295436581
8638999890803029543658175
863899989080302954365817533
86389998908030295436581753331
863899989080302954365817533311
86389998908030295436581753331113
8638999890803029543658175333111329
863899989080302954365817533311132911
86389998908030295436581753331113291182
8638999890803029543658175333111329118283
863899989080302954365817533311132911828344
86389998908030295436581753331113291182834476
8638999890803029543658175333111329118283447690
863899989080302954365817533311132911828344769013
86389998908030295436581753331113291182834476901355
8638999890803029543658175333111329118283447690135528
863899989080302954365817533311132911828344769013552849
86389998908030295436581753331113291182834476901355284941
8638999890803029543658175333111329118283447690135528494157
86389998908030295436581753331113291182834476901355284941573
8638999890803029543658175333111329118283447690135528494157398
863899989080302954365817533311132911828344769013552849415739896
86389998908030295436581753331113291182834476901355284941573989655
8638999890803029543658175333111329118283447690135528494157398965558
863899989080302954365817533311132911828344769013552849415739896555883
86389998908030295436581753331113291182834476901355284941573989655588396
8638999890803029543658175333111329118283447690135528494157398965558839663
863899989080302954365817533311132911828344769013552849415739896555883966343
8638999890803029543658175333111329118283447690135528494157398965558839663431
863899989080302954365817533311132911828344769013552849415739896555883966343170
86389998908030295436581753331113291182834476901355284941573989655588396634317033
8638999890803029543658175333111329118283447690135528494157398965558839663431703367
863899989080302954365817533311132911828344769013552849415739896555883966343170336792
86389998908030295436581753331113291182834476901355284941573989655588396634317033679270
863899989080302954365817533311132911828344769013552849415739896555883966343170336792709
86389998908030295436581753331113291182834476901355284941573989655588396634317033679270950
8638999890803029543658175333111329118283447690135528494157398965558839663431703367927095035
863899989080302954365817533311132911828344769013552849415739896555883966343170336792709503553
8638999890803029543658175333111329118283447690135528494157398965558839663431703367927095035530
863899989080302954365817533311132911828344769013552849415739896555883966343170336792709503553082
86389998908030295436581753331113291182834476901355284941573989655588396634317033679270950355308241
8638999890803029543658175333111329118283447690135528494157398965558839663431703367927095035530824117
863899989080302954365817533311132911828344769013552849415739896555883966343170336792709503553082411796
86389998908030295436581753331113291182834476901355284941573989655588396634317033679270950355308241179667
8638999890803029543658175333111329118283447690135528494157398965558839663431703367927095035530824117966728
863899989080302954365817533311132911828344769013552849415739896555883966343170336792709503553082411796672821
86389998908030295436581753331113291182834476901355284941573989655588396634317033679270950355308241179667282193
8638999890803029543658175333111329118283447690135528494157398965558839663431703367927095035530824117966728219353
863899989080302954365817533311132911828344769013552849415739896555883966343170336792709503553082411796672821935367
86389998908030295436581753331113291182834476901355284941573989655588396634317033679270950355308241179667282193536732
8638999890803029543658175333111329118283447690135528494157398965558839663431703367927095035530824117966728219353673234
863899989080302954365817533311132911828344769013552849415739896555883966343170336792709503553082411796672821935367323496
86389998908030295436581753331113291182834476901355284941573989655588396634317033679270950355308241179667282193536732349669
8638999890803029543658175333111329118283447690135528494157398965558839663431703367927095035530824117966728219353673234966942
863899989080302954365817533311132911828344769013552849415739896555883966343170336792709503553082411796672821935367323496694279
86389998908030295436581753331113291182834476901355284941573989655588396634317033679270950355308241179667282193536732349669427987
8638999890803029543658175333111329118283447690135528494157398965558839663431703367927095035530824117966728219353673234966942798762
863899989080302954365817533311132911828344769013552849415739896555883966343170336792709503553082411796672821935367323496694279876263
8638999890803029543658175333111329118283447690135528494157398965558839663431703367927095035530824117966728219353673234966942798762639
863899989080302954365817533311132911828344769013552849415739896555883966343170336792709503553082411796672821935367323496694279876263949
86389998908030295436581753331113291182834476901355284941573989655588396634317033679270950355308241179667282193536732349669427987626394965
8638999890803029543658175333111329118283447690135528494157398965558839663431703367927095035530824117966728219353673234966942798762639496537
863899989080302954365817533311132911828344769013552849415739896555883966343170336792709503553082411796672821935367323496694279876263949653769
86389998908030295436581753331113291182834476901355284941573989655588396634317033679270950355308241179667282193536732349669427987626394965376925
8638999890803029543658175333111329118283447690135528494157398965558839663431703367927095035530824117966728219353673234966942798762639496537692530
863899989080302954365817533311132911828344769013552849415739896555883966343170336792709503553082411796672821935367323496694279876263949653769253062
86389998908030295436581753331113291182834476901355284941573989655588396634317033679270950355308241179667282193536732349669427987626394965376925306228
8638999890803029543658175333111329118283447690135528494157398965558839663431703367927095035530824117966728219353673234966942798762639496537692530622833
863899989080302954365817533311132911828344769013552849415739896555883966343170336792709503553082411796672821935367323496694279876263949653769253062283346
86389998908030295436581753331113291182834476901355284941573989655588396634317033679270950355308241179667282193536732349669427987626394965376925306228334626
8638999890803029543658175333111329118283447690135528494157398965558839663431703367927095035530824117966728219353673234966942798762639496537692530622833462640
863899989080302954365817533311132911828344769013552849415739896555883966343170336792709503553082411796672821935367323496694279876263949653769253062283346264098
86389998908030295436581753331113291182834476901355284941573989655588396634317033679270950355308241179667282193536732349669427987626394965376925306228334626409863
8638999890803029543658175333111329118283447690135528494157398965558839663431703367927095035530824117966728219353673234966942798762639496537692530622833462640986373
863899989080302954365817533311132911828344769013552849415739896555883966343170336792709503553082411796672821935367323496694279876263949653769253062283346264098637359
86389998908030295436581753331113291182834476901355284941573989655588396634317033679270950355308241179667282193536732349669427987626394965376925306228334626409863735927
8638999890803029543658175333111329118283447690135528494157398965558839663431703367927095035530824117966728219353673234966942798762639496537692530622833462640986373592718
863899989080302954365817533311132911828344769013552849415739896555883966343170336792709503553082411796672821935367323496694279876263949653769253062283346264098637359271892
86389998908030295436581753331113291182834476901355284941573989655588396634317033679270950355308241179667282193536732349669427987626394965376925306228334626409863735927189237
8638999890803029543658175333111329118283447690135528494157398965558839663431703367927095035530824117966728219353673234966942798762639496537692530622833462640986373592718923720
863899989080302954365817533311132911828344769013552849415739896555883966343170336792709503553082411796672821935367323496694279876263949653769253062283346264098637359271892372021
86389998908030295436581753331113291182834476901355284941573989655588396634317033679270950355308241179667282193536732349669427987626394965376925306228334626409863735927189237202115
8638999890803029543658175333111329118283447690135528494157398965558839663431703367927095035530824117966728219353673234966942798762639496537692530622833462640986373592718923720211517
863899989080302954365817533311132911828344769013552849415739896555883966343170336792709503553082411796672821935367323496694279876263949653769253062283346264098637359271892372021151758
86389998908030295436581753331113291182834476901355284941573989655588396634317033679270950355308241179667282193536732349669427987626394965376925306228334626409863735927189237202115175862
8638999890803029543658175333111329118283447690135528494157398965558839663431703367927095035530824117966728219353673234966942798762639496537692530622833462640986373592718923720211517586285
86389998908030295436581753331113291182834476901355284941573989655588396634317033679270950355308241179667282193536732349669427987626394965376925306228334626409863735927189237202115175862854
8638999890803029543658175333111329118283447690135528494157398965558839663431703367927095035530824117966728219353673234966942798762639496537692530622833462640986373592718923720211517586285470
